0.000000 0.000000 
0.500000 0.025000 
1.000000 0.050000 
1.500000 0.075000 
2.000000 0.100000 
2.500000 0.125000 
3.000000 0.150000 
3.500000 0.175000 
4.000000 0.200000 
4.500000 0.225000 
5.000000 0.250000 
5.500000 0.275000 
6.000000 0.300000 
6.500000 0.325000 
7.000000 0.350000 
7.500000 0.375000 
8.000000 0.400000 
8.500000 0.425000 
9.000000 0.450000 
9.500000 0.475000 
10.000000 0.500000 
10.500000 0.525000 
11.000000 0.550000 
11.500000 0.575000 
12.000000 0.600000 
12.500000 0.625000 
13.000000 0.650000 
13.500000 0.675000 
14.000000 0.700000 
14.500000 0.725000 
15.000000 0.750000 
15.500000 0.775000 
16.000000 0.800000 
16.500000 0.825000 
17.000000 0.850000 
17.500000 0.875000 
18.000000 0.900000 
18.500000 0.925000 
19.000000 0.950000 
19.500000 0.975000 
20.000000 1.000000 
20.500000 1.025000 
21.000000 1.050000 
21.500000 1.075000 
22.000000 1.100000 
22.500000 1.125000 
23.000000 1.150000 
23.500000 1.175000 
24.000000 1.200000 
24.500000 1.225000 
25.000000 1.250000 
25.500000 1.275000 
26.000000 1.300000 
26.500000 1.325000 
27.000000 1.350000 
27.500000 1.375000 
28.000000 1.400000 
28.500000 1.425000 
29.000000 1.450000 
29.500000 1.475000 
30.000000 1.500000 
30.500000 1.525000 
31.000000 1.550000 
31.500000 1.575000 
32.000000 1.600000 
32.500000 1.625000 
33.000000 1.650000 
33.500000 1.675000 
34.000000 1.700000 
34.500000 1.725000 
35.000000 1.750000 
35.500000 1.775000 
36.000000 1.800000 
36.500000 1.825000 
37.000000 1.850000 
37.500000 1.875000 
38.000000 1.900000 
38.500000 1.925000 
39.000000 1.950000 
39.500000 1.975000 
40.000000 2.000000 
40.500000 2.025000 
41.000000 2.050000 
41.500000 2.075000 
42.000000 2.100000 
42.500000 2.125000 
43.000000 2.150000 
43.500000 2.175000 
44.000000 2.200000 
44.500000 2.225000 
45.000000 2.250000 
45.500000 2.275000 
46.000000 2.300000 
46.500000 2.325000 
47.000000 2.350000 
47.500000 2.375000 
48.000000 2.400000 
48.500000 2.425000 
49.000000 2.450000 
49.500000 2.475000 
50.000000 2.500000 
50.500000 2.525000 
51.000000 2.550000 
51.500000 2.575000 
52.000000 2.600000 
52.500000 2.625000 
53.000000 2.650000 
53.500000 2.675000 
54.000000 2.700000 
54.500000 2.725000 
55.000000 2.750000 
55.500000 2.775000 
56.000000 2.800000 
56.500000 2.825000 
57.000000 2.850000 
57.500000 2.875000 
58.000000 2.900000 
58.500000 2.925000 
59.000000 2.950000 
59.500000 2.975000 
60.000000 3.000000 
60.500000 3.025000 
61.000000 3.050000 
61.500000 3.075000 
62.000000 3.100000 
62.500000 3.125000 
63.000000 3.150000 
63.500000 3.175000 
64.000000 3.200000 
64.500000 3.225000 
65.000000 3.250000 
65.500000 3.275000 
66.000000 3.300000 
66.500000 3.325000 
67.000000 3.350000 
67.500000 3.375000 
68.000000 3.400000 
68.500000 3.425000 
69.000000 3.450000 
69.500000 3.475000 
70.000000 3.500000 
70.500000 3.525000 
71.000000 3.550000 
71.500000 3.575000 
72.000000 3.600000 
72.500000 3.625000 
73.000000 3.650000 
73.500000 3.675000 
74.000000 3.700000 
74.500000 3.725000 
75.000000 3.750000 
75.500000 3.775000 
76.000000 3.800000 
76.500000 3.825000 
77.000000 3.850000 
77.500000 3.875000 
78.000000 3.900000 
78.500000 3.925000 
79.000000 3.950000 
79.500000 3.975000 
80.000000 4.000000 
80.500000 4.025000 
81.000000 4.050000 
81.500000 4.075000 
82.000000 4.100000 
82.500000 4.125000 
83.000000 4.150000 
83.500000 4.175000 
84.000000 4.200000 
84.500000 4.225000 
85.000000 4.250000 
85.500000 4.275000 
86.000000 4.300000 
86.500000 4.325000 
87.000000 4.350000 
87.500000 4.375000 
88.000000 4.400000 
88.500000 4.425000 
89.000000 4.450000 
89.500000 4.475000 
90.000000 4.500000 
90.500000 4.525000 
91.000000 4.550000 
91.500000 4.575000 
92.000000 4.600000 
92.500000 4.625000 
93.000000 4.650000 
93.500000 4.675000 
94.000000 4.700000 
94.500000 4.725000 
95.000000 4.750000 
95.500000 4.775000 
96.000000 4.800000 
96.500000 4.825000 
97.000000 4.850000 
97.500000 4.875000 
98.000000 4.900000 
98.500000 4.925000 
99.000000 4.950000 
99.500000 4.975000 
100.000000 5.000000 
